generated_at_utc: '2026-03-05T04:38:00+00:00'
symbol: XRP/USDT
venue: coinbase
timeframe: 1m
selection_basis: latest_engine_v2_tuning_report_best
source_summary: artifacts/xrp_engine_v2_tuning_report.json
cost_model:
  fee_bps: 6.0
  slippage_bps: 2.0
xrp_strategy_params:
  rsi_length: 19
  atr_length: 10
  ema_fast: 7
  ema_slow: 50
  rsi_entry: 34.0
  rsi_exit: 64.0
  stop_atr: 2.3
  take_profit_atr: 1.4
  max_hold_bars: 60
best_observed_metrics:
  robust_score: 24.564296805511042
  full:
    score: -2.0011427309839234
    total_return: -0.0006087279298645498
    max_drawdown: -0.019006166537264946
    sharpe: -0.2949499728807859
    trades: 7
    win_rate: 0.7142857142857143
