generated_at_utc: '2026-03-05T03:21:33.854273+00:00'
symbol: XRP/USDT
venue: coinbase
timeframe: 1m
lookback_days: 30
optimizer:
  seed: 42
  coarse_iterations: 220
  refine_iterations: 180
  objective: robust_score = 0.65*train_score + 0.35*test_score + 10*min(train_win_rate,test_win_rate)
cost_model:
  fee_bps: 6.0
  slippage_bps: 2.0
xrp_strategy_params:
  rsi_length: 19
  atr_length: 15
  ema_fast: 7
  ema_slow: 33
  rsi_entry: 32.0
  rsi_exit: 67.0
  stop_atr: 2.3
  take_profit_atr: 1.4
  max_hold_bars: 100
performance:
  train:
    score: 36.61953776360602
    total_return: 0.010604904718375163
    max_drawdown: -0.0016956890367183508
    sharpe: 17.8603943169858
    trades: 2
    win_rate: 1.0
  test:
    score: 68.62347581641137
    total_return: 0.005230479173765179
    max_drawdown: 0.0
    sharpe: 34.08021394951743
    trades: 2
    win_rate: 1.0
  full:
    score: 42.88054908004981
    total_return: 0.01589085262540957
    max_drawdown: -0.0016956890367183508
    sharpe: 20.756602579855976
    trades: 4
    win_rate: 1.0
