generated_at_utc: '2026-03-06T20:22:14.354724+00:00'
symbol: XRP/USDT
venue: coinbase
timeframe: 1m
htf_timeframe: 1h
lookback_days: 30
optimizer:
  seed: 123
  iterations: 90
  mode: engine_v2_regime_guards
cost_model:
  fee_bps: 6.0
  slippage_bps: 2.0
xrp_engine_v2_params:
  rsi_length: 19
  atr_length: 10
  ema_fast: 12
  ema_slow: 34
  rsi_entry: 40.0
  rsi_exit: 70.0
  stop_atr: 1.2
  take_profit_atr: 1.8
  max_hold_bars: 100
  chop_bb_width_min: 0.004
  cooldown_bars_after_exit: 0
  cooldown_bars_after_stop: 0
  max_entries_per_hour: 10
  max_entries_per_day: 50
  use_regime_filter: false
  bb_entry_mode: range_revert
  bb_range_threshold_pct: 0.7
  momentum_swing_enabled: true
  momentum_pivot_left_bars: 1
  momentum_pivot_right_bars: 2
  momentum_lookback_bars: 16
  momentum_roc_length: 5
  momentum_min_roc: 0.001
  sizing_mode: risk_per_trade
  risk_per_trade_usd: 5.0
  max_position_notional_usd: 25.0
  htf_timeframe: 1h
  chop_filter_mode: bb_width
performance:
  train:
    score: 1.3180411231036149
    total_return: 0.0022956876362685286
    max_drawdown: -0.020007042360448257
    sharpe: 1.3244474505518287
    trades: 12
    win_rate: 0.4166666666666667
  test:
    score: -1.8467524669168602
    total_return: -0.0003172737917904733
    max_drawdown: -0.008574535231197888
    sharpe: -0.5602764869329698
    trades: 6
    win_rate: 0.6666666666666666
  full:
    score: -0.16248785963166767
    total_return: 0.001977685482957181
    max_drawdown: -0.027798620325141243
    sharpe: 0.9238304057905444
    trades: 18
    win_rate: 0.5
